
AnimLODInterleave2 = 800.00000000000 
AnimLODInterleave4 = 1200.00000000000 
LOD0DistanceMultiplier = 1.00000000000 
LOD1DistanceMultiplier = 1.00000000000 
SuspendDistanceMultiplier = 1.00000000000 
EnvMapDisableDistance = 200.00000000000 
