
MouseZoomFactor = 8 
MouseRotationUpDownFactor = ( -0.00999999978 * 640 / 480 ) 
MouseRotationLeftRightFactor = 0.00999999978 

