
OllieBlendPeriod = 0.00000000000 
KickflipBlendPeriod = 0.00000000000 
HeelflipBlendPeriod = 0.00000000000 
LandBlendPeriod = 0.00000000000 
PushCycleBlendPeriod = 0.30000001192 
FiftyFiftyGrindBlendPeriod = 0.00000000000 
Init_FiftyFiftyBlendPeriod = 0.00000000000 

